0    [ 34, 55, 49, 53, 46, 7, 82, 22, 59, 33
]
512    [
   2, 92, 73, 47,  1,
  91, 82, 52, 98, 84,
  63
]
1536    [
  94, 35, 26, 78, 66,
  40, 64,  7, 31, 65
]
2048    [ 11, 6, 20, 91, 69, 49 ]
2080    [ 89, 38, 64, 48, 69, 60 ]
2112    [
   6, 64, 37, 38, 44,
  63, 21, 15, 43, 17,
  84
]
3136    [
  82, 97,  2, 91, 92,
  24, 18, 19, 12, 42
]
3648    [
   8, 32, 90, 25, 17,
  85, 19, 83, 59, 18,
  31
]
4672    [ 9, 84, 95 ]
4676    [
  45, 36, 13, 75,
  57, 40, 28, 92
]
4804    [ 92 ]
4805    [ 12, 68, 57 ]
4809    [
  13,  7, 40, 31, 50,
  37, 83, 99, 62, 58,
  19
]
5833    [ 19, 76, 40, 7, 50 ]
5849    [
  69, 12, 99, 41,
  11, 65, 34, 18
]
5977    [
  16, 49, 22, 53,
  35,  9, 55, 88
]
6105    [ 96, 63, 61, 91, 41 ]
6121    [ 55, 5, 45, 92 ]
6129    [ 5, 43, 22, 73 ]
6137    [ 20, 55 ]
6139    [ 21, 57, 91, 21 ]
6147    [ 85 ]
6148    [ 24 ]
6149    [
  41, 38, 36, 83, 87,
  86,  8, 72, 91, 48
]
6661    [
  26, 32,  6, 49,
   4, 98, 26
]
6725    [
  22, 80,  2, 68,
  18, 65, 99
]
6789    [ 27, 12, 64, 24 ]
6797    [
  29, 90, 87, 78, 32,
  25, 52, 14, 81
]
7053    [
  39, 16, 50,  2, 68,
  85, 23, 66, 83, 44
]
7565    [ 35, 93, 13 ]
7569    [ 68, 30, 26, 31, 91 ]
7585    [
  33, 45, 29, 57,
   3, 79, 97
]
7649    [ 16, 73 ]
7651    [
  60, 93, 85, 54,
  89,  4, 75, 92
]
7779    [
  36, 55, 86, 54,
  74,  6, 96
]
7843    [ 92, 52, 27, 99, 21, 88 ]
7875    [ 50, 62 ]
7877    [ 39, 83, 29, 3 ]
7885    [ 40, 83 ]
7887    [ 41 ]
7888    [ 26 ]
7889    [
  44, 62, 63, 90, 91,
  26, 25, 66, 70, 52,
  49
]
8913    [ 61, 64, 78, 56 ]
8921    [
  46, 34, 90, 20, 93,
  80, 89, 45, 91, 81,
  79
]
9945    [
  47, 12, 87, 55,
  30, 47, 36, 49
]
10073    [ 65, 82, 51, 32 ]
10081    [ 78, 10, 61 ]
10085    [ 47, 10, 34, 72 ]
10093    [ 76, 6, 93, 36, 46 ]
10109    [
  64, 25, 74, 77, 11,
  26, 99, 48, 19,  6
]
10621    [ 62, 50, 87, 42, 6 ]
10637    [ 92, 85, 89, 72, 5 ]
10653    [ 13, 33, 86 ]
10657    [ 66, 33 ]
10659    [ 37, 54, 47 ]
10663    [ 10, 17 ]
10665    [ 62, 97 ]
10667    [ 63 ]
10668    [
  66, 12, 15, 17, 89,
  43, 47, 23, 49, 68
]
11180    [
   6,  7, 18, 2,
  88, 79, 59
]
11244    [
  67, 23, 79, 86, 59,
  62, 40, 12, 38
]
11500    [
   2, 37,  7, 92, 56,
  77, 21, 53, 80, 44
]
12012    [ 37, 72 ]
12014    [
  69, 87, 65, 11, 62,
  98, 13, 31, 53
]
12270    [
  70, 84, 25, 14, 26,
  15, 83, 81, 93, 64,
  39
]
13294    [ 81 ]
13295    [
  98,  2, 68, 91, 63,
  99, 38, 45, 19, 75
]
13807    [
  79, 66, 31, 12, 99,
   8, 43, 33, 81, 37
]
14319    [ 74, 13, 62 ]
14323    [
  33, 20, 34, 23,
  43, 42, 11
]
14387    [ 78, 77, 87, 91 ]
14395    [ 39, 88, 99 ]
14399    [ 4 ]
14400    [ 11 ]
14401    [ 83 ]
14402    [
  25,  1, 95, 31,  9,
  66, 13, 22, 39, 74
]
14914    [
  85, 39, 27, 43, 28,
  47, 88, 56, 36, 38,
  14
]
15938    [
  79, 84, 47, 46, 66,
  44, 75, 51, 10,  7
]
16450    [
  87,  8, 29, 89, 79,
  41, 36, 99, 67, 97,
   3
]
17474    [ 89, 31, 12 ]
17478    [ 19, 59 ]
17480    [ 53, 75, 34 ]
17484    [
  39, 77, 41, 95,
  75, 44, 35, 28
]
17612    [ 93, 96, 12 ]
17616    [ 65, 85, 31, 13, 44 ]
17632    [ 11, 86, 67, 85, 64, 54 ]
17664    [ 82 ]
17665    [ 42 ]
17666    [ 96, 88 ]
17668    [
  28, 36, 73, 83, 78,
  26, 22,  5, 65, 79
]
18180    [ 83 ]
18181    [ 49, 5, 87, 73, 92 ]
18197    [
  13, 19, 97, 7,
  26, 25, 61
]
18261    [
  90,  9, 94, 15,
  93, 63, 38, 46
]
18389    [ 49 ]
18390    [ 95 ]
18391    [ 57 ]
18392    [ 86, 49, 4 ]
18396    [ 92 ]
18397    [
  18, 59, 58, 62,
   4, 98,  8
]
18461    [
  69, 77, 16, 85,
  49, 96, 27
]
18525    [
  57,  1, 27, 93,
  83, 43, 98
]
18589    [ 75 ]
18590    [
  58, 66, 54, 74, 71,
  73, 67, 42, 39
]
18846    [
  62, 22, 41, 53,
  45, 29,  8
]
18910    [
  46, 23, 17, 65,
  16, 19, 41
]
18974    [ 34, 56 ]
18976    [ 16, 46, 78, 25, 32, 35 ]
19008    [ 66, 59, 53, 50 ]
19016    [ 94, 53, 47, 32 ]
19024    [ 87 ]
19025    [
  23, 31, 47, 48, 85,
  19, 62, 34, 44, 24
]
19537    [
  28, 83,  2, 52, 47,
  19, 64, 70, 46
]
19793    [
  41,  3, 81, 53, 21,
  98, 33, 36,  9, 13
]
20305    [
  54, 89, 31, 72, 10,
   4, 58, 81, 48, 55
]
20817    [
  60, 74,  7, 45, 82,
  89, 31, 96, 70, 85
]
21329    [ 44, 79 ]
21331    [ 89, 77 ]
21333    [
  47, 42, 45, 15, 43,
  57,  8, 94,  3, 40
]
21845    [ 35, 20, 52, 6, 86 ]
21861    [
  72, 34, 67, 38,
  96, 36, 77
]
21925    [ 66, 24, 79, 3, 18 ]
21941    [
  66, 41, 60, 53,
  97, 99, 26
]
22005    [ 91, 12 ]
22007    [ 79, 55, 23, 88 ]
22015    [ 73, 78, 39 ]
22019    [ 21, 71, 3 ]
22023    [ 86, 95 ]
22025    [ 5 ]
22026    [ 83, 53, 70, 92, 98, 96 ]
22058    [
  12, 89, 16, 41, 59,
  49, 46, 42, 93, 62
]
22570    [
  58, 62, 32, 11, 81,
  13, 98, 59, 91
]
22826    [ 74 ]
22827    [ 7, 50 ]
22829    [ 50, 56 ]
22831    [
  73, 49, 36, 20, 27,
  21, 17, 65, 95, 84
]
23343    [ 37, 33, 17, 43 ]
23351    [ 60, 99, 77, 53, 27 ]
23367    [ 6, 57, 2, 7, 26, 8 ]
23399    [ 19, 28 ]
23401    [ 77, 12, 90, 96, 57 ]
23417    [ 4, 47, 98, 6 ]
23425    [ 70, 87 ]
23427    [ 84, 28 ]
23429    [ 26 ]
23430    [
  95, 31, 30, 64, 49,
  85, 34, 29, 69, 40
]
23942    [
  43, 67,  3, 25,  1,
  18, 56, 78, 29, 70
]
24454    [
  31, 77,  6, 10,
  61, 30, 22, 21
]
24582    [
  28, 46, 71, 94, 42,
  83, 91, 84, 96, 52
]
25094    [ 91, 79 ]
25096    [
  75,  2, 43, 78, 32,
  56, 21, 80,  3, 48
]
25608    [
  61, 50, 45, 17, 26,
  21, 81, 39, 68, 40
]
26120    [ 39, 25, 46 ]
26124    [ 30 ]
26125    [
   7, 27, 31, 77, 13,
  61, 26, 70, 18, 93
]
26637    [ 67, 52, 90, 59, 46 ]
26653    [
  60,  2, 88, 29,
   5, 38, 43, 84
]
26781    [ 21, 64, 62, 54, 36 ]
26797    [
  69,  1, 12, 25, 31,
  26, 35, 94, 73
]
27053    [ 86, 92 ]
27055    [ 81, 32, 61, 75 ]
27063    [ 76 ]
27064    [ 7, 40, 89 ]
27068    [ 76, 3 ]
27070    [ 23, 32 ]
27072
